247,31
247,30
247,29
247,28
247,27
247,26
247,25
247,24
247,23
247,22
247,21
247,20
247,19
247,18
247,17
247,16
247,15
247,14
247,13
247,12
247,11
247,10
247,9
247,8
247,7
247,6
247,5
247,4
247,2
247,1
247,0
245,82
245,81
245,80
245,79
245,78
245,77
245,76
245,75
245,74
245,73
245,72
245,71
245,70
245,69
245,68
245,67
245,66
245,65
245,64
245,35
245,34
245,33
245,32
245,31
245,30
245,29
245,28
247,173
245,27
245,26
245,25
245,24
245,23
245,22
245,21
245,20
245,19
245,18
245,17
245,16
245,15
245,14
245,13
245,12
245,11
245,10
245,9
245,8
245,7
245,6
245,5
245,4
245,2
245,1
245,0
241,3
241,2
241,1
241,0
4,3
2,5
2,4
2,3
2,2
2,1
2,0
1,3
0,507
0,506
0,9
247,174
247,3
245,83
245,3
0,563
0,326
0,243
0,0
0,1
0,549
0,300
0,558
0,299
0,312
0,298
0,551
0,297
0,358
0,296
0,548
0,295
0,313
0,294
0,538
0,293
0,317
0,292
0,521
0,291
0,338
0,290
0,543
0,289
0,316
0,288
0,351
0,287
0,520
0,286
0,350
0,285
0,530
0,284
0,315
0,283
0,531
0,282
0,323
0,281
0,526
0,280
0,512
0,279
0,540
0,278
0,301
0,277
0,546
0,276
0,347
0,275
0,514
0,274
0,314
0,273
0,325
0,272
0,377
0,271
0,561
0,270
0,554
247,32
247,33
247,35
247,64
247,66
247,67
247,69
247,71
247,72
247,74
247,75
247,77
247,79
247,80
247,82
247,83
247,85
247,86
247,88
247,90
247,91
247,93
247,94
247,96
247,98
247,99
247,101
247,102
247,104
247,105
247,107
247,109
247,110
247,112
247,113
247,115
247,117
247,118
247,120
247,121
247,123
247,124
247,126
247,128
247,129
247,131
247,132
247,134
247,136
247,137
247,139
247,140
247,142
247,144
247,145
247,147
247,148
247,150
247,151
247,153
247,155
247,156
247,158
247,159
247,161
247,163
247,164
247,166
247,167
247,169
247,170
247,172
248,1
248,2
248,3
248,0
247,171
247,168
247,165
247,162
247,160
247,157
247,154
247,152
247,149
247,146
247,143
247,141
247,138
247,135
247,133
247,130
247,127
247,125
247,122
247,119
247,116
247,114
247,111
247,108
247,106
247,103
247,100
247,97
247,95
247,92
247,89
247,87
247,84
247,81
247,78
247,76
247,73
247,70
247,68
247,65
247,34
0,269
0,519
0,268
0,337
0,267
0,383
0,266
0,529
0,265
0,379
0,264
0,536
0,263
0,368
0,262
0,382
0,261
0,524
0,260
0,346
0,259
0,343
0,258
0,342
0,257
0,381
0,256
0,370
0,255
0,367
0,254
0,380
0,253
0,535
0,252
0,534
0,251
0,311
0,250
0,339
0,249
0,356
0,248
0,376
0,247
0,345
0,246
0,329
0,245
0,528
0,244
0,366
0,242
0,362
0,241
0,547
0,240
0,537
0,239
0,564
0,238
0,557
0,237
0,309
0,236
0,349
0,235
0,344
0,234
0,233
0,365
0,232
0,375
0,231
0,336
0,230
0,333
0,229
0,308
0,228
0,542
0,227
0,553
0,226
0,322
0,225
0,556
0,224
0,223
0,518
0,222
0,550
0,221
0,562
0,220
0,341
0,219
0,541
0,218
0,327
0,217
0,555
0,216
0,364
0,215
0,332
0,214
0,533
0,213
0,307
0,212
0,354
0,211
0,361
0,210
0,318
0,209
0,374
0,208
0,373
0,207
0,559
0,206
0,360
0,205
0,372
0,204
0,331
0,203
0,378
0,202
0,201
0,310
0,200
0,552
0,199
0,539
0,198
0,348
0,197
0,560
0,196
0,363
0,195
0,330
0,194
0,193
0,353
0,192
0,525
0,63
0,369
0,62
0,527
0,61
0,523
0,60
0,340
0,59
0,357
0,58
0,513
0,57
0,319
0,56
0,517
0,55
0,335
0,54
0,516
0,53
0,352
0,52
0,522
0,51
0,515
0,50
0,371
0,49
0,545
0,48
0,334
0,47
0,359
0,46
0,532
0,45
0,544
0,6
0,5
0,304
0,303
0,306
0,305
0,302
0,12
0,355
0,10
0,8
0,11
0,4
0,2
0,3
0,7
